time,r_value
0.0,0.0
1.7332663425294217,0.12002869710691033
3.4665326850588434,0.23989577417264799
5.1997990275882655,0.35960875964619055
6.933065370117687,0.4791750575798831
8.666331712647109,0.598601948251288
10.399598055176531,0.7178965887850297
12.132864397705953,0.8370660137746498
13.866130740235374,0.9561171359044383
15.599397082764796,1.0750567465713043
17.332663425294218,1.1938915165066062
19.06592976782364,1.3126279963980076
20.799196110353062,1.4312726175113197
22.532462452882484,1.549831692312355
24.265728795411906,1.6683114150887746
25.998995137941325,1.7867178625719238
27.732261480470747,1.9050569945587061
29.46552782300017,2.023334654533401
31.19879416552959,2.141556570289529
32.93206050805902,2.2597283545517017
34.665326850588436,2.3778555055974544
36.398593193117854,2.495943407879113
38.13185953564728,2.6139973326456243
39.8651258781767,2.732022438564422
41.598392220706124,2.8500237723432513
43.33165856323554,2.9680062693520397
45.06492490576497,3.0859747542447318
46.79819124829439,3.2039339415811345
48.53145759082381,3.3218884364487806
50.26472393335323,3.439842735084761
51.99799027588265,3.5578012254975775
53.731256618412075,3.675768188088989
55.464522960941494,3.7937477962758686
57.19778930347092,3.911744117112036
58.93105564600034,4.02976111191012
60.664321988529764,4.147802636863396
62.39758833105918,4.265872443667641
64.1308546735886,4.383974180142971
65.86412101611803,4.5021113908557036
67.59738735864745,4.620287517740195
69.33065370117687,4.738505900720686
71.06392004370629,4.856769778333162
72.79718638623571,4.975082288347197
74.53045272876514,5.093446468387784
76.26371907129456,5.211865256557203
77.99698541382398,5.33034149205687
79.7302517563534,5.448877915809169
81.46351809888283,5.5674771710793065
83.19678444141225,5.686141804097167
84.93005078394167,5.804874264679152
86.66331712647109,5.923676906850032
88.3965834690005,6.042551989464788
90.12984981152994,6.16150167683047
91.86311615405936,6.280528039328037
93.59638249658877,6.399633054034207
95.32964883911819,6.518818605343295
97.06291518164763,6.638086485589095
98.79618152417704,6.757438395666674
100.52944786670646,6.876875945654265
102.26271420923588,6.9964006554351
103.9959805517653,7.116013955319252
105.72924689429473,7.235717186665485
107.46251323682415,7.355511602503109
109.19577957935357,7.47539836815382
110.92904592188299,7.5953785618535505
112.66231226441242,7.715453175374329
114.39557860694184,7.835623114646097
116.12884494947126,7.955889200378587
117.86211129200068,8.076252168683162
119.5953776345301,8.196712671694653
121.32864397705953,8.317271278193223
123.06191031958895,8.4379284742262
124.79517666211837,8.558684663729938
126.52844300464778,8.679540169151647
128.2617093471772,8.800495232071267
129.99497568970662,8.921550013823284
131.72824203223607,9.042704596118613
133.4615083747655,9.163958981666406
135.1947747172949,9.285313094795942
136.92804105982432,9.40676678207844
138.66130740235374,9.528319812948926
140.39457374488316,9.649971880328076
142.12784008741258,9.771722601244063
143.861106429942,9.893571517454397
145.59437277247142,10.015518096067801
147.32763911500086,10.13756173016602
149.06090545753028,10.259701739425687
150.7941718000597,10.38193737074019
152.52743814258912,10.504267798841479
154.26070448511854,10.62669212692196
155.99397082764796,10.749209387256288
157.72723717017737,10.87181854182328
159.4605035127068,10.994518482927699
161.1937698552362,11.117308033822157
162.92703619776566,11.240185949328906
164.66030254029508,11.363150916461748
166.3935688828245,11.486201555047835
168.12683522535391,11.609336418349539
169.86010156788333,11.732553993686285
171.59336791041275,11.855852703056426
173.32663425294217,11.979230903759051
175.0599005954716,12.102686889015878
176.793166938001,12.226218888593058
178.52643328053045,12.349825069423057
180.25969962305987,12.47350353622648
181.9929659655893,12.597252332133941
183.7262323081187,12.721069439307882
185.45949865064813,12.844952779564464
187.19276499317755,12.968900214995355
188.92603133570697,13.092909548589635
190.65929767823638,13.216978524855612
192.3925640207658,13.341104830442683
194.12583036329525,13.465286094763167
195.85909670582467,13.589519890614172
197.5923630483541,13.71380373479943
199.3256293908835,13.838135088751146
201.05889573341292,13.962511359151845
202.79216207594234,14.086929898556237
204.52542841847176,14.21138800601303
206.25869476100118,14.33588292768681
207.9919611035306,14.460411857479883
209.72522744606005,14.584971937654105
211.45849378858946,14.709560259452754
213.19176013111888,14.834173863722341
214.9250264736483,14.958809741534514
216.65829281617772,15.08346483480785
218.39155915870714,15.208136036929755
220.12482550123656,15.332820193378234
221.85809184376598,15.457514102343847
223.5913581862954,15.582214515351463
225.32462452882484,15.706918137882154
227.05789087135426,15.831621629995022
228.79115721388368,15.956321606949064
230.5244235564131,16.081014639825018
232.25768989894252,16.205697256147193
233.99095624147193,16.330365940505352
235.72422258400135,16.455017135176508
237.45748892653077,16.579647240746826
239.1907552690602,16.704252616733413
240.92402161158964,16.828829582206247
242.65728795411906,16.953374416409925
244.39055429664847,17.077883359385595
246.1238206391779,17.202352612592765
247.8570869817073,17.326778339531145
249.59035332423673,17.451156666362532
251.32361966676615,17.575483682532592
253.05688600929557,17.69975544139278
254.790152351825,17.82396796082216
256.5234186943544,17.948117223849227
258.2566850368838,18.07219917927378
259.98995137941324,18.196209742288787
261.72321772194266,18.32014479510218
263.45648406447214,18.44400018755876
265.18975040700155,18.56777173776202
266.923016749531,18.691455232695958
268.6562830920604,18.81504642884702
270.3895494345898,18.938541052825823
272.12281577711923,19.061934801989118
273.85608211964865,19.18522334506157
275.58934846217807,19.3084023227576
277.3226148047075,19.431467348403274
279.0558811472369,19.554414008558137
280.7891474897663,19.677237863637064
282.52241383229574,19.79993444853208
284.25568017482516,19.92249927323423
285.9889465173546,20.044927823455435
287.722212859884,20.167215561250323
289.4554792024134,20.28935792563807
291.18874554494283,20.411350333224295
292.92201188747225,20.533188178822847
294.6552782300017,20.654866836077677
296.38854457253115,20.776381658084713
298.12181091506056,20.897727978013663
299.85507725759,21.018901109729878
301.5883436001194,21.139896348416205
303.3216099426488,21.260708971194877
305.05487628517824,21.38133423774926
306.78814262770766,21.50176739094579
308.5214089702371,21.62200365745579
310.2546753127665,21.742038248377312
311.9879416552959,21.861866359856972
313.72120799782533,21.98148317371186
315.45447434035475,22.100883858051308
317.18774068288417,22.220063567898784
318.9210070254136,22.33901744581374
320.654273367943,22.45774062251343
322.3875397104724,22.576228217494798
324.12080605300184,22.694475339656286
325.8540723955313,22.812477087919728
327.58733873806074,22.93022855185213
329.32060508059016,23.0477248122876
331.0538714231196,23.16496094194913
332.787137765649,23.281932006070477
334.5204041081784,23.39863306301801
336.25367045070783,23.51505916491252
337.98693679323725,23.63120535825113
339.72020313576667,23.74706668452909
341.4534694782961,23.862638180861683
343.1867358208255,23.97791488060596
344.9200021633549,24.09289181398275
346.65326850588434,24.207564008698366
348.38653484841376,24.321926490566515
350.1198011909432,24.435974284130147
351.8530675334726,24.54970241328329
353.586333876002,24.663105901892916
355.3196002185315,24.776179774420765
357.0528665610609,24.888919056545173
358.7861329035903,25.001318775783005
360.51939924611975,25.113373962111417
362.25266558864917,25.225079648589723
363.9859319311786,25.336430871981275
365.719198273708,25.447422673375282
367.4524646162374,25.558050098808657
369.18573095876684,25.6683081998879
370.91899730129626,25.778192034410885
372.6522636438257,25.887696666988763
374.3855299863551,25.996817169667786
376.1187963288845,26.10554862255115
377.85206267141393,26.213886114420855
379.58532901394335,26.32182474335956
381.31859535647277,26.429359617372402
383.0518616990022,26.53648585500886
384.7851280415316,26.643198585984603
386.5183943840611,26.749492951803372
388.2516607265905,26.85536410637874
389.9849270691199,26.960807216656054
391.71819341164934,27.065817463234243
393.45145975417876,27.17039004098762
395.1847260967082,27.274520159687835
396.9179924392376,27.378203044625632
398.651258781767,27.481433937232726
400.38452512429643,27.584208095703673
402.11779146682585,27.686520795617657
403.85105780935527,27.788367330560437
405.5843241518847,27.889743012746088
407.3175904944141,27.99064317363891
409.0508568369435,28.09106316457527
410.78412317947294,28.190998357385453
412.51738952200236,28.290444145015478
414.2506558645318,28.389395942148973
415.9839222070612,28.487849185829013
417.7171885495907,28.585799336079994
419.4504548921201,28.68324187652944
421.1837212346495,28.780172315029855
422.91698757717893,28.876586184280615
424.65025391970835,28.97247904244978
426.38352026223777,29.067846473795946
428.1167866047672,29.162684089290067
429.8500529472966,29.256987527237374
431.583319289826,29.35075245389917
433.31658563235544,29.44397456411465
435.04985197488486,29.536649581922827
436.7831183174143,29.628773261184335
438.5163846599437,29.720341386203255
440.2496510024731,29.81134977234901
441.98291734500253,29.901794266678184
443.71618368753195,29.991670748556388
445.44945003006137,30.080975130280066
447.1827163725908,30.16970335769842
448.91598271512026,30.25785141083519
450.6492490576497,30.345415304510485
452.3825154001791,30.432391088962728
454.1157817427085,30.518774850470415
455.84904808523794,30.604562711974012
457.58231442776736,30.689750833697747
459.3155807702968,30.774335413771542
461.0488471128262,30.85831268885277
462.7821134553556,30.94167893474818
464.51537979788503,31.02443046703568
466.24864614041445,31.106563641686236
467.98191248294387,31.188074855685713
469.7151788254733,31.268960547656654
471.4484451680027,31.349217198480243
473.1817115105321,31.428841331918083
474.91497785306154,31.507829515234008
476.64824419559096,31.586178359816028
478.3815105381204,31.663884521798103
480.11477688064986,31.74094470268202
481.8480432231793,31.81735564995921
483.5813095657087,31.893114157732676
485.3145759082381,31.96821706733871
487.04784225076753,32.04266126796887
488.78110859329695,32.11644369729175
490.51437493582637,32.18956134207486
492.2476412783558,32.26201123880647
493.9809076208852,32.33379047431744
495.7141739634146,32.404896186403086
497.44744030594404,32.475325564445
499.18070664847346,32.54507585003297
500.9139729910029,32.614144337586744
502.6472393335323,32.68252837497789
504.3805056760617,32.750225364151724
506.11377201859113,32.81723276174905
507.84703836112055,32.883548079728065
509.58030470365,32.949168885986225
511.31357104617945,33.014092804982056
513.0468373887088,33.078317518356975
514.7801037312382,33.14184076555722
516.5133700737676,33.20466034445564
518.2466364162971,33.26677411197356
519.9799027588265,33.328179984702615
521.7131691013559,33.388875939526606
523.4464354438853,33.448860014243365
525.1797017864149,33.50813030818656
526.9129681289443,33.5666849828476
528.6462344714737,33.624522262497436
530.3795008140031,33.681640434808436
532.1127671565325,33.73803785147621
533.846033499062,33.793712928841465
535.5792998415914,33.84866414851188
537.3125661841208,33.90289005798392
539.0458325266502,33.95638927126469
540.7790988691796,34.0091604694938
542.512365211709,34.06120240156519
544.2456315542385,34.11251388474899
545.9788978967679,34.16309380531337
547.7121642392973,34.212941119146414
549.4454305818267,34.26205485237787
551.1786969243561,34.310434102001125
552.9119632668856,34.35807803649498
554.645229609415,34.40498589644549
556.3784959519444,34.45115699516787
558.1117622944738,34.49659071932826
559.8450286370032,34.54128652956568
561.5782949795326,34.585243961113754
563.3115613220621,34.62846262442266
565.0448276645915,34.670942205780946
566.7780940071209,34.71268246793733
568.5113603496503,34.75368325072262
570.2446266921797,34.793944471671516
571.9778930347092,34.833466126644474
573.7111593772386,34.87224829044957
575.444425719768,34.9102911174643
577.1776920622974,34.947594842257494
578.9109584048268,34.98415978021108
580.6442247473562,35.019986328142004
582.3774910898857,35.05507496492408
584.1107574324151,35.08942625210975
585.8440237749445,35.12304083455206
587.577290117474,35.15591944102636
589.3105564600035,35.18806288485232
591.0438228025329,35.219472064515635
592.7770891450623,35.25014796428993
594.5103554875917,35.28009165485863
596.2436218301211,35.309304293936755
597.9768881726505,35.33778712689283
599.71015451518,35.36554148737064
601.4434208577094,35.392568797911224
603.1766872002388,35.41887057057455
604.9099535427682,35.4444484075615
606.6432198852976,35.46930400183565
608.3764862278271,35.493439137745135
610.1097525703565,35.5168556916445
611.8430189128859,35.53955563251653
613.5762852554153,35.56154102259413
615.3095515979447,35.58281401798213
617.0428179404742,35.60337686927919
618.7760842830036,35.62323192219958
620.509350625533,35.64238161819509
622.2426169680624,35.66082849507684
623.9758833105918,35.678575187637115
625.7091496531212,35.69562442827129
627.4424159956507,35.71197904759957
629.1756823381801,35.727641975088915
630.9089486807095,35.74261623967489
632.6422150232389,35.75690497038343
634.3754813657683,35.77051139695279
636.1087477082978,35.783438850455305
637.8420140508272,35.79569076391935
639.5752803933566,35.807270672951056
641.308546735886,35.818182216356234
643.0418130784154,35.828429136762246
644.7750794209448,35.83801528123974
646.5083457634743,35.84694460192467
648.2416121060037,35.85522115663996
649.9748784485332,35.862849109517484
651.7081447910626,35.86983273161987
653.441411133592,35.876176401562354
655.1746774761215,35.88188460613457
656.9079438186509,35.88696194092251
658.6412101611803,35.89141311093028
660.3744765037097,35.89524293120198
662.1077428462391,35.89845632744355
663.8410091887686,35.9010583366446
665.574275531298,35.90305410770033
667.3075418738274,35.904448902033266
669.0408082163568,35.9052480942152
670.7740745588862,35.90545717258901
672.5073409014157,35.90508173989044
674.2406072439451,35.90412751387007
675.9738735864745,35.90260032791509
677.7071399290039,35.90050613167114
679.4404062715333,35.89785099166421
681.1736726140628,35.894641091922416
682.9069389565922,35.890882734597916
684.6402052991216,35.886582340588724
686.373471641651,35.88174645016058
688.1067379841804,35.87638172356871
689.8400043267098,35.87049494167985
691.5732706692393,35.864093006593926
693.3065370117687,35.85718294226595
695.0398033542981,35.84977189512793
696.7730696968275,35.84186713471065
698.5063360393569,35.8334760542655
700.2396023818864,35.82460617138644
701.9728687244158,35.8152651286317
703.7061350669452,35.80546069414573
705.4394014094746,35.795200762281006
707.172667752004,35.7844933542199
708.9059340945334,35.773346618596484
710.639200437063,35.76176883211846
712.3724667795924,35.74976840018889
714.1057331221218,35.73735385752819
715.8389994646512,35.724533868795795
717.5722658071807,35.71131722921221
719.3055321497101,35.697712865180726
721.0387984922395,35.68372983490925
722.7720648347689,35.66937732903226
724.5053311772983,35.654664671232595
726.2385975198277,35.63960131886326
727.9718638623572,35.62419686356934
729.7051302048866,35.60846103190984
731.438396547416,35.5924036859795
733.1716628899454,35.57603482403067
734.9049292324748,35.55936458109511
736.6381955750043,35.542403229605945
738.3714619175337,35.52516118001939
740.1047282600631,35.50764898143666
741.8379946025925,35.48987732222581
743.5712609451219,35.47185703064362
745.3045272876514,35.45359907545736
747.0377936301808,35.43511456656666
748.7710599727102,35.41641475562545
750.5043263152396,35.397511036663694
752.237592657769,35.37841494670929
753.9708590002984,35.35913816640993
755.7041253428279,35.339692520654886
757.4373916853573,35.320089979196915
759.1706580278867,35.30034265727414
760.9039243704161,35.280462816231775
762.6371907129455,35.26046286414407
764.370457055475,35.24035535643617
766.1037233980044,35.22015299650589
767.8369897405338,35.19986863634563
769.5702560830632,35.17951527716417
771.3035224255926,35.15910607000853
773.0367887681222,35.138654316385875
774.7700551106516,35.11817346888529
776.503321453181,35.09767713179966
778.2365877957104,35.0771790617475
779.9698541382398,35.05669316829483
781.7031204807693,35.03623351457702
783.4363868232987,35.0158143179206
785.1696531658281,34.995449950465165
786.9029195083575,34.975154939785135
788.6361858508869,34.95494396951173
790.3694521934164,34.93483187995473
792.1027185359458,34.91483366872428
793.8359848784752,34.89496449135289
795.5692512210046,34.875239661917114
797.302517563534,34.855674653659534
799.0357839060634,34.83628509961052
800.7690502485929,34.817086793210095
802.5023165911223,34.79809568892982
804.2355829336517,34.77932790289459
805.9688492761811,34.760799713504554
807.7021156187105,34.74252756205686
809.43538196124,34.72452805336758
811.1686483037694,34.706817956393564
812.9019146462988,34.689414204854245
814.6351809888282,34.67233389785348
816.3684473313576,34.655594300501434
818.101713673887,34.639212844536445
819.8349800164165,34.623207128946795
821.5682463589459,34.60759492059264
823.3015127014753,34.59239415482781
825.0347790440047,34.57762293612165
826.7680453865341,34.56329953868093
828.5013117290636,34.54944240707159
830.234578071593,34.536070156840694
831.9678444141224,34.52320157513824
833.7011107566518,34.510855621338955
835.4343770991813,34.49905142766422
837.1676434417108,34.48780829980386
838.9009097842402,34.47714571753802
840.6341761267696,34.467083335359064
842.367442469299,34.45764098309328
844.1007088118284,34.448838666522875
845.8339751543579,34.44069656800775
847.5672414968873,34.43323504710735
849.3005078394167,34.42647464120255
851.0337741819461,34.420436066117446
852.7670405244755,34.415140216741236
854.500306867005,34.410608167650096
856.2335732095344,34.40686117372896
857.9668395520638,34.40392067079341
859.7001058945932,34.40180827621155
861.4333722371226,34.40054578952578
863.166638579652,34.40015519307471
864.8999049221815,34.40065865261499
